5 -0.017136
10 0.033052
15 -0.002901
20 0.108562
25 -0.068700
30 -0.006316
35 -0.024383
40 0.008768
45 0.009024
50 0.009626
55 0.003738
60 0.005877
65 0.002317
70 0.000840
75 0.000280
80 0.000086
85 0.000024
90 0.000006
95 0.000001
100 0.000000
105 0.000000
110 0.000000
115 0.000000
120 0.000000
125 0.000000
130 0.000000
135 0.000000
140 0.000000
145 0.000000
150 0.000000
155 0.000000
160 0.000000
165 0.000000
170 0.000000
175 0.000000
180 0.000000
185 0.000000
190 0.000000
195 0.000000
200 0.000000
